
240000 1 1 1088 20000000 
38 70000 NaN 600 1 
5 3 76 50000000 NaN 
180000 240000 8 1.5 29.2 
1 20 NaN 1000000 3 
1000000000000 6 1.8 18.5 NaN 
120000 80000 55000000 5 0.5 
342953 1 26.5 50000 320000 
1000000000000 8500000 1 1 5.47 
4 300 2500000 NaN 1 
100000 854 1.5 NaN 60 
34.37 6000000 2000000 1 1 
4 2 39 NaN 155000 
100000 104000000 5 NaN 14.5 
0.5 1200 NaN NaN 3 
134999 5400 0.7 90 110 
14 NaN NaN 6 1 
2 1 390 19000000 57000000 
110 175000 NaN 4 825 
1 9.6 NaN NaN 200 
149999 1 NaN 3170 40000000 
12.5 40 180000 175 1 
1 1 8 4000000000 168000 
110 220000 1 2 6.71 
1 16.9 60 NaN 1 
NaN 1 1 752 140 
9.2 45 NaN 700 6 
1 2 47.9 11250000 102500 
150 NaN 4 0.6 7.9 
1 115 NaN 35700 1 
1143350000 9 0.9 15.2 60 
19000 NaN 150000000 3 1 
279144 2 1600 240 3500000 
250000000 200000 47060 1.5 150 
2 11 36000000 59000000 165 
NaN 1 2 1137 3000000 
21.5 65 125000000 7400 2 
