12500 364 2000000000 24 40 
7200 249 NaN 23 100 
8900 341 NaN 23 8 
4900 402 30000000 18 8 
12120 312 4500000000 26 12 
12240 368 1000000000000 24 NaN 
19720 463 1000000000 27 100 
11370 256 100000000000 30 5 
12900 351 95000000 27 0.9 
4200 412 20000 36 0 
12765 381 45000000 26 60 
10088 167 19000000 12 NaN 
9100 231 8500000 34 NaN 
14920 392 1400000000 26 NaN 
13490 360 22000000000 24 NaN 
11000 329 3000000000 25 70 
7549 305 1300000000 29 60 
12150 413 7000000000 87 NaN 
9830 378 1000 25 NaN 
6400 380 62000000 26 98 
14050 334 4000000000 26 10 
11030 398 27000000000 21 100 
13500 368 1200000000 20 40 
12780 263 18500000000 20 5 
7900 184 11000000 21 NaN 
28880 201 2000000000 26 NaN 
10480 491 5200 24 NaN 
10600 305 1500000000 30 5 
14900 391 421000000 22 NaN 
12190 370 0 48 NaN 
10120 383 705300 25 NaN 
15600 206 500000000 33 80 
13400 409 NaN 22 NaN 
13800 412 5000000000 28 25 
13850 378 4000000000 23 NaN 
10465 304 200000 23 1 
